4
1
2
6
-1
4
-7
-8
-7
-8
-8
-8
-4
-4
-4
0
-4
-7
-8
-6
-2
-7
-7
-6
-2
-6
-6
-6
-4
-4
-3
-1
-6
-7
-2
2
-3
-7
-7
-2
-3
-3
-2
-1
-1
-5
-8
-4
0
2
-4
-6
-2
-2
1
1
2
6
10
4
1
6
7
3
0
2
5
4
4
9
6
9
9
7
8
5
4
4
3
0
0
3
8
8
5
3
10
11
9
10
9
6
7
8
13
12
14
18
17
14
13
13
15
11
11
12
16
15
13
19
19
19
19
19
19
14
10
17
18
14
12
14
18
18
15
15
17
17
15
18
18
17
21
21
19
19
16
22
21
19
21
20
19
20
18
18
20
21
21
16
18
18
19
21
21
20
18
19
20
21
18
19
18
18
16
18
20
20
18
18
22
22
23
23
23
22
22
22
21
20
22
22
22
24
23
22
24
24
25
26
27
25
24
25
26
26
23
24
23
22
24
23
22
20
22
21
22
21
22
22
21
21
20
19
21
19
19
20
20
18
19
18
20
20
18
18
19
19
18
16
18
17
18
18
15
12
13
14
15
15
17
17
15
14
17
18
20
18
16
11
16
15
15
18
10
12
16
15
15
17
15
8
6
8
10
6
10
12
10
11
14
9
12
13
12
12
14
11
12
6
5
3
1
3
7
2
10
1
-1
3
4
6
7
6
10
5
3
0
3
5
5
5
0
-3
-9
-11
-4
-4
1
2
-4
-3
-3
-2
1
2
5
2
-3
-5
-2
-4
-5
-7
-5
-4
-3
-1
-1
3
-1
-7
-2
-5
-5
-4
-2
-4
-4
-3
-1
-2
-4
-4
-5
-6
-8
-9
-4
-9
-11
-7
-6
-6
-6
-9
-12
-10
-10
-8
-16
-19
-6
-10
-10
-7
-5
-8
-5
-6
-7
-8
-3
-4
5
5
-9
-10
-4
-5
-2
-5
-6
-6
-5
-6
-2
-5
-1
-2
-4
-5
-1
6
8
7
2
4
-1
-5
-5
-7
-2
2
-3
1
8
6
1
4
-2