12
11
15
12
9
10
8
0
2
2
2
3
6
6
5
5
7
2
3
5
6
6
0
4
9
10
3
2
8
17
10
10
10
8
7
7
12
6
8
9
8
5
11
15
10
6
8
12
15
13
8
7
12
16
14
14
18
23
14
12
18
22
17
12
16
20
20
22
21
24
24
26
22
15
10
14
15
18
10
12
16
17
24
16
11
20
27
23
24
20
17
20
25
24
30
26
30
32
28
25
24
30
22
26
23
30
22
24
24
32
32
32
32
32
32
26
25
31
31
31
27
28
28
31
30
31
31
33
30
27
26
29
31
33
32
31
30
33
34
30
36
35
31
33
31
31
33
34
33
31
29
30
32
32
31
28
24
30
31
31
27
27
33
33
32
31
32
30
31
31
32
30
32
29
37
37
35
28
31
32
29
28
32
33
31
31
33
34
35
34
35
35
32
32
34
33
27
32
30
26
28
32
31
30
32
35
33
29
32
32
32
30
30
32
33
31
29
27
27
28
30
30
30
29
25
25
30
29
26
25
28
29
28
25
22
22
27
26
26
27
28
26
27
29
29
27
28
28
27
28
29
27
25
25
20
27
27
27
28
28
25
21
23
17
19
22
26
27
26
27
28
23
26
26
25
23
23
21
17
16
17
18
14
13
15
14
12
10
13
12
12
12
11
13
15
12
12
10
12
11
10
8
5
2
0
-2
6
6
7
10
4
6
6
8
8
10
11
10
5
6
7
7
5
2
3
7
6
6
8
8
8
6
9
7
0
4
7
6
6
10
12
8
4
4
5
2
3
6
6
0
0
3
6
6
8
0
-3
-2
-1
1
-3
-10
1
-1
-1
3
5
8
6
5
4
8
13
13
15
13
2
-2
2
6
9
10
5
8
8
4
7
8
11
9
5
5
12
19
24
23
15
15
15
5
5
7
10
12
12
14
20
22
19
18
11